Chr	StartPos	EndPos
1	0	9999
1	14453	1674800
1	347968	478559
1	347968	529769
1	355345	485660
1	357216	499005
1	422078	535988
1	585988	713497
1	585988	733912
1	610216	733912
1	610420	720652
1	1899027	3864922
1	4085621	4285615
1	4920445	5092120
1	5330209	5493329
1	5690299	5836699
1	5988298	6157227
1	6385331	6562732
1	7466354	7615838
1	10565913	10769214
1	10821664	10972238
1	12800004	13334912
1	13122521	13224571
1	13247407	13349795
1	16522615	16914775
1	17161431	17353444
1	24832454	24991866
1	53456084	53662119
1	83182173	83489744
1	103597444	103772456
1	108318266	108435657
1	119989247	120093730
1	119989247	120163868
1	119989247	120323081
1	120148129	120447921
1	120157745	120990058
1	120192772	120323081
1	120533238	120705592
1	120575596	120705592
1	120575596	120705592
1	120705587	120810638
1	120705587	120836006
1	120705587	120836006
1	120823790	120941080
1	120829340	120932593
1	120962785	121133389
1	120962785	121257408
1	121132761	121391237
1	121151201	121395939
1	121549083	143823768
1	121619440	121731207
1	121619899	121740196
1	122026459	125184588
1	122125747	122229391
1	122400000	122503147
1	122400000	122503147
1	143311825	143493443
1	143311825	143529840
1	143313607	143529840
1	143369714	143493443
1	143733607	143920698
1	143744016	144045052
1	143887655	144327044
1	143920403	144045052
1	143938829	144045052
1	144105093	144224171
1	144136977	144356500
1	144139185	144394054
1	144140035	144319093
1	144195316	144319093
1	144572469	144827825
1	144610018	144828052
1	144647288	144771076
1	144647288	144804397
1	144672915	144919983
1	144742203	144858792
1	144884087	145129140
1	144888776	145129140
1	145022889	145129140
1	145187963	145311013
1	145196481	145336686
1	145254027	145435221
1	146048003	146328950
1	146081966	146328717
1	146112447	146248689
1	146139728	146254754
1	146149136	146328717
1	146541435	146905930
1	148440436	148545367
1	148440436	148577847
1	148506273	148624939
1	148532845	148779515
1	148564938	148699435
1	148590676	148705497
1	148600078	148935345
1	148763714	148935345
1	148804200	148977664
1	149070853	149366538
1	149133440	149474037
1	149194882	149326044
1	149194882	149366538
1	149366550	149471561
1	149366550	149480964
1	149366550	149480964
1	149372304	149480964
1	149644435	149828156
1	149654499	149828288
1	161409712	161613115
1	196715376	196904641
1	202445694	202561295
1	206151619	206409977
1	206151632	206275909
1	206169718	206409977
1	228234057	228351533
1	228482720	228690950
1	242249902	242365526
1	243101897	243212177
1	248332371	248449062
1	248456422	248956422
1	248946422	248956421
2	0	9999
2	15924	515924
2	1465041	1661860
2	3034888	3232516
2	86945215	87053645
2	87124724	87246317
2	87302167	87535901
2	87431439	87697988
2	87715963	87824700
2	87826014	87961254
2	88793299	90009848
2	89009949	89118365
2	89118367	89330679
2	89530679	89654525
2	89530679	89654525
2	89530679	89654525
2	89530679	89663939
2	89851927	90063667
2	90082267	90190711
2	90138543	91550750
2	91558771	91728695
2	91559042	91728695
2	91571706	91728695
2	91604987	91738052
2	91840071	92028096
2	91853009	92000663
2	91876961	91990073
2	91892850	92000663
2	91902633	94525232
2	92188145	94090558
2	94185478	94293015
2	94185480	94293013
2	94189132	94293015
2	94189132	94293015
2	94571013	94774802
2	94571013	94860516
2	94571013	94860516
2	94571013	94860516
2	94607468	94722550
2	94762053	94862891
2	95641977	95744193
2	95800215	95961817
2	97141490	97299532
2	97393066	97553505
2	109736854	110095177
2	110276210	110634615
2	111252925	111519068
2	111719716	111838985
2	113283970	113385808
2	113413432	113602734
2	126933710	127044968
2	130121627	130241112
2	130401225	130510332
2	130401552	130669131
2	130449946	130719935
2	130610420	130719935
2	131217262	131326479
2	131217262	131326804
2	131433204	131551347
2	131903422	132007742
2	131943700	132220278
2	132038172	132220059
2	132038816	132220279
2	132047032	132220278
2	132049037	132162428
2	132049037	132202293
2	132074132	132214748
2	132075793	132214748
2	132247904	132362523
2	234929880	235080975
2	238772566	238943296
2	239422830	239701169
2	239990937	240335031
2	240667898	241012766
2	241533658	242193529
2	242183529	242193528
3	0	9999
3	12919	512919
3	75383453	75584341
3	75414263	75519875
3	75414310	75519875
3	75414327	75551293
3	75414455	75519874
3	75414455	75519875
3	75417019	75519875
3	75417019	75519875
3	75419393	75519873
3	75759280	75866151
3	90280501	93828646
3	90772458	93655575
3	91286235	91516820
3	91312353	91516820
3	125739094	125855942
3	125739094	125880890
3	125745122	125932180
3	125763592	125925692
3	125763592	125932197
3	125763595	125932180
3	125786353	125932180
3	125786353	125932195
3	125819569	125932178
3	125819582	125932194
3	130090083	130196431
3	130090096	130212775
3	130090121	130212773
3	130090219	130196446
3	130093208	130211772
3	162704874	163004271
3	195560814	196073500
3	197795559	198295559
3	198235559	198295558
4	0	9999
4	12985	512985
4	712180	1064126
4	1291227	1848033
4	3421005	3878184
4	3934040	4055946
4	3934055	4055931
4	3934193	4085833
4	3937394	4055946
4	3939757	4055946
4	4055720	4171811
4	6268369	6432072
4	7321373	7583327
4	8178865	8315717
4	8637355	8991701
4	8959436	9078146
4	9019278	9119834
4	9019278	9216582
4	9019285	9169052
4	9019286	9171436
4	9078104	9205119
4	9108857	9585329
4	9113409	9221346
4	9355985	9467418
4	9372304	9480148
4	9475252	9586296
4	9505493	9624069
4	9506462	9624069
4	9510926	9624069
4	9591690	9711046
4	9628906	9735201
4	49051258	51899309
4	49708100	51743952
4	68416253	68685258
4	69190369	69426907
4	118467376	118578683
4	131650648	131816470
4	131765252	131874123
4	131765252	131976981
4	131765252	131976982
4	131765267	131976982
4	131818416	131976982
4	131858288	131976982
4	143823928	143996599
4	143944804	144099864
4	186251843	186439378
4	189131043	189301737
4	189498710	190214555
4	189875037	189975414
4	189875037	189975781
4	190204555	190214554
5	0	9999
5	19314	830993
5	930198	1676148
5	1855614	1981549
5	6759843	6924341
5	17469437	17638284
5	20695218	20795934
5	20795928	20945818
5	21271275	21390647
5	21271275	21390647
5	21271275	21390647
5	21271275	21390647
5	21284172	21390647
5	21284172	21390647
5	34066024	34173669
5	34126962	34256268
5	34256268	34407995
5	46020715	47014789
5	46485900	50059808
5	47087778	50391246
5	69471481	71284320
5	69635627	69785184
5	69635627	69799500
5	69653532	69765901
5	69653532	69899539
5	69658256	69778886
5	69789453	69894942
5	69789453	69899539
5	69789453	69899539
5	69803087	69923079
5	69924951	70129737
5	70085766	70364997
5	70215225	70379285
5	70233273	70379285
5	70237997	70358697
5	70511737	70640780
5	70529649	70640780
5	70529649	70775421
5	70534381	70640780
5	70631076	70775421
5	70645065	70775421
5	70651365	70770824
5	70664310	70775421
5	70677984	70798128
5	70800000	71005160
5	71093998	71364489
5	71215589	71345178
5	71215589	71364489
5	71233608	71345178
5	71233608	71364489
5	71238339	71358137
5	175923361	176131669
5	176201179	176301975
5	177706497	177920465
5	177746973	177993431
5	179485308	179650024
5	180868026	181538259
5	181288660	181396809
5	181288660	181472424
5	181319945	181437735
5	181333290	181449954
5	181340391	181449484
5	181478259	181538258
6	0	59999
6	76216	576216
6	3098625	3225833
6	26747047	26898014
6	26834706	26967726
6	26876791	27002570
6	26876791	27002570
6	26899531	27002570
6	26899531	27002570
6	26899531	27002570
6	26899531	27002570
6	31309323	31489800
6	32426660	32763938
6	57334867	57708745
6	57504333	57708745
6	57790491	57939124
6	57967068	58265391
6	58290805	58399928
6	58363758	60288642
6	58553888	59829935
6	60241762	60608172
6	60397200	60640706
6	60718603	61018658
6	61047420	61159830
6	61258537	61497009
6	78212160	78335235
6	160561952	160698628
6	168533825	168686908
6	169902915	170805979
6	170612704	170724899
6	170612704	170741703
6	170612704	170745979
6	170612712	170736720
6	170745979	170805978
7	0	9999
7	10487	1633048
7	1812666	2109284
7	35099529	35241571
7	56280584	56444775
7	56787891	57095079
7	56867948	57084223
7	57522357	57654262
7	57649697	57786235
7	57657184	57759948
7	57660238	57762851
7	57660238	57772232
7	57703176	63042083
7	58169653	60828235
7	61597260	61824141
7	62026104	62251867
7	63477422	63788554
7	67062128	67206594
7	72605407	72749591
7	72858572	73085896
7	72956007	73204633
7	73174794	73280573
7	74728173	74833380
7	74728173	74869950
7	75074150	75217878
7	75091895	75394459
7	75279452	75507275
7	76651384	76946262
7	77071399	77179654
7	100874242	101137685
7	102443197	102660827
7	102691169	102800000
7	103175333	103288771
7	128464295	128617329
7	142635453	142768526
7	143520155	143870469
7	144156887	144370342
7	149930517	150036952
7	150036751	150142817
7	150142568	150263791
7	153705617	153824661
7	153957892	154062976
7	154057298	154167276
7	155308354	155475804
7	157583138	157902164
7	158011575	158664812
7	158845973	159345973
7	159335973	159345972
8	0	59999
8	60000	193888
8	61805	561805
8	68732	201012
8	82366	201012
8	94482	201012
8	651869	838715
8	932832	1547974
8	1811127	1971463
8	2187751	2292503
8	7147340	7253155
8	7147340	7278125
8	7175490	8204979
8	7310371	7586167
8	7734879	8000000
8	8009342	8139732
8	8039992	8239446
8	8056971	8239446
8	8062649	8195238
8	8062649	8237853
8	8062649	8242532
8	8085537	8188225
8	8085537	8239446
8	8101020	8242541
8	8120185	8241790
8	12005087	12599108
8	12026411	12141351
8	12128102	12234345
8	12374369	12581523
8	12386114	12609996
8	12419829	12545915
8	12419829	12604324
8	12419829	12609996
8	12422241	12604324
8	12452650	12566085
8	12470431	12604324
8	12477431	12581523
8	39303403	39624604
8	43527205	46126898
8	44033744	45877266
8	46308217	46533975
8	85630896	85823797
8	141304129	141881294
8	142011584	142590984
8	142861582	143690258
8	143824299	145138636
8	145078636	145138635
9	0	9999
9	10411	203762
9	14566	514566
9	38774620	38925325
9	38774620	39202283
9	38829065	39141315
9	38962514	39202283
9	39150163	39337064
9	39266294	39426483
9	39280789	39397784
9	39280789	39445141
9	39443598	39579907
9	39593575	39813746
9	39600000	39785516
9	39633217	39813746
9	39772402	40938816
9	39832009	40000982
9	39879025	40114887
9	39879025	40167389
9	39887550	40107413
9	39944131	40167389
9	39984774	40577778
9	40167391	40307456
9	40195895	40597056
9	40220028	40323744
9	40220028	40517516
9	40289500	40537043
9	40361769	40478673
9	40422053	40577778
9	40484867	40588208
9	40599491	40800000
9	40651779	40828948
9	40651779	40873486
9	40659935	40873597
9	40661875	40768757
9	40661875	40808879
9	40681968	40825349
9	40682066	40825736
9	41015341	41210751
9	41109161	41211432
9	41183951	41301394
9	41267180	41448512
9	41296556	41586912
9	41310217	41645475
9	41350095	41479580
9	41350095	41519421
9	41358097	41578477
9	41385310	42708515
9	41463669	41586912
9	41536378	41645970
9	41643577	41786805
9	41643577	41786805
9	41643577	41796563
9	41650006	41784665
9	41784664	42022525
9	41784664	42157124
9	42389578	42512585
9	42389578	42544883
9	42389578	42573028
9	42501269	42636456
9	42564238	42794786
9	42657806	42794786
9	42796745	42938870
9	42796745	42938870
9	42825061	43199905
9	42919673	43162650
9	42919673	43170186
9	42934147	43145811
9	42988140	43106986
9	43040691	43162589
9	43096345	63607620
9	43236167	45518559
9	60829521	60956589
9	60839754	60985226
9	60839754	61003887
9	61105079	61231966
9	61115311	61231966
9	61115311	61231966
9	61281966	61468808
9	61518808	61670622
9	61528678	61674380
9	61528678	61674380
9	61530815	61664188
9	61785368	62149738
9	61853815	61998297
9	61857542	61998297
9	61863958	61996161
9	61998615	62149738
9	62249738	62363174
9	62249738	62371699
9	62249738	62371699
9	62249738	62420662
9	62371697	62599106
9	62528688	62748832
9	62556860	62748832
9	62587760	62709222
9	63008371	63140089
9	63008371	63199966
9	63008371	63202862
9	63040516	63202862
9	63053300	63202862
9	63252862	63352971
9	63252862	63365963
9	63260450	63378717
9	63260450	63430991
9	63362186	63470450
9	63542264	63704643
9	63542264	63712657
9	63542264	63745514
9	63542264	63759158
9	63582208	63759158
9	63613204	63782375
9	63839205	66855744
9	64315162	64430781
9	64342115	64698968
9	64342115	64724487
9	64342115	64773838
9	64366242	64657487
9	64501829	64618685
9	64562116	64724487
9	64624871	64773003
9	64722746	64920795
9	64772966	64952109
9	64775301	64912011
9	64783480	64954364
9	64785438	64889525
9	64785438	64929691
9	64805617	64941608
9	64879284	64998121
9	65130082	65240473
9	65130082	65258455
9	65130082	65325123
9	65461258	65595191
9	65461258	65595191
9	65461258	65595191
9	65461258	65595191
9	65696408	65891478
9	65762661	66180473
9	65781494	65954260
9	65825783	65951364
9	65825783	66391387
9	65838458	66086805
9	65858856	66156287
9	65897695	66014551
9	66052560	66156287
9	66068850	66208833
9	66208835	66391385
9	66222474	66391387
9	66261231	66391387
9	66269210	66391385
9	66591387	66743753
9	66591387	66776904
9	66591387	66783015
9	66785119	66921645
9	66921644	67065729
9	66921644	67083368
9	66950290	67065729
9	67032155	67401425
9	67164889	67590097
9	67206939	68286483
9	67438648	67795560
9	67590415	67723260
9	67590415	67727011
9	67592551	67716844
9	67724687	67831849
9	67725193	67831849
9	67803715	67920552
9	68220552	68322179
9	68220552	68416768
9	88107759	88276626
9	97131381	97236733
9	127727956	127890100
9	128773475	128978697
9	130159645	130421192
9	133504313	134562618
9	134674938	134789340
9	135095341	135599824
9	135863935	136184852
9	136294834	137732949
9	137894717	138394717
9	138176127	138277977
9	138334717	138394716
10	0	9999
10	18514	518514
10	36944658	37075930
10	38003047	38127569
10	38231171	38348576
10	38355502	42284921
10	38597965	38755990
10	38600925	38783421
10	38611840	38755990
10	38634828	38745748
10	38650695	38755990
10	39686682	41593522
10	42396305	42506072
10	42510740	42645952
10	45705383	45806813
10	45876423	45997277
10	46396228	46514258
10	46554191	46799625
10	46561416	46840017
10	46585037	46691017
10	46870207	46991847
10	47500009	47780368
10	47530390	48008185
10	47649380	47756785
10	47870368	47988907
10	48060016	48181659
10	49845538	49969744
10	50047154	50147389
10	79694506	79876515
10	87110815	87216736
10	87110815	87216736
10	87216733	87392812
10	130950446	131333237
10	131715001	131853989
10	132089592	133797422
10	133787422	133797421
11	0	59999
11	60000	166370
11	60000	172595
11	60457	750404
11	921083	2504537
11	3014006	3316745
11	3400363	3545457
11	3400397	3584087
11	3401138	3528148
11	3403700	3584084
11	3403700	3584087
11	3406073	3602645
11	3458921	3602648
11	3492976	3602611
11	48400000	48531434
11	48620916	49016014
11	48974943	49087442
11	48974943	49134216
11	49144623	49271021
11	49289368	49462088
11	49465497	49791730
11	50299691	54661231
11	51078348	54425075
11	54571277	54697831
11	54701945	55298572
11	55551138	55733985
11	67312079	67500875
11	67755169	67867007
11	67783576	67902093
11	67784450	67902123
11	67789604	67937453
11	67879823	67996074
11	68874262	69282853
11	71609998	71729825
11	71610973	71764072
11	71616982	71764072
11	71636596	71764072
11	71636596	71764072
11	71636599	71764072
11	71659150	71764072
11	71804782	71912322
11	72601184	72734387
11	80587158	80704469
11	88842206	89159225
11	89239696	89420204
11	89570067	89700735
11	89700751	89863448
11	89742408	89920623
11	89923848	90097515
11	89981061	90097515
11	134586622	135086622
11	135076622	135086621
12	0	9999
12	14568	514568
12	8192585	8309645
12	8192585	8399120
12	8226573	8336906
12	8226573	8336921
12	8226573	8355184
12	8226573	8393434
12	8226573	8415735
12	8229023	8393434
12	8267654	8393434
12	8323520	8424231
12	9403408	9616473
12	17684640	17895350
12	34310708	37995039
12	34769407	37185253
12	37417611	37557700
12	37425032	37596084
12	37428095	37534266
12	37428095	37544002
12	63560584	63678460
12	63577299	63725465
12	124284541	124490563
12	130129679	130254547
12	131256505	131517774
12	132099235	133275309
12	133265309	133275308
13	0	15999999
13	16000000	18051249
13	16004725	18519635
13	18408106	18527054
13	18408106	18527054
13	18408106	18527060
13	18408106	18527060
13	18408106	18529165
13	18408106	18593837
13	18593833	18699428
13	18593833	18701842
13	18608926	18798902
13	19371709	19478374
13	19411987	19518559
13	52209713	52310301
13	111649982	111925205
13	112736084	112932549
13	113054665	113480125
13	113529284	114364328
13	114354328	114364327
14	0	15999999
14	16000000	18173524
14	16004725	19944724
14	18269208	18656060
14	18274004	18425891
14	18274304	18422341
14	18274308	18425600
14	18274321	18424825
14	18292837	18446161
14	18353752	18478219
14	18862644	19169849
14	18889953	19169849
14	19188567	19392864
14	19229746	19511713
14	19611713	19726389
14	19704159	19809827
14	19704159	19837263
14	19708158	19817118
14	21946023	22530493
14	27746958	27861086
14	27746958	27861099
14	27746958	27861135
14	27746958	27861153
14	27746958	27861159
14	104130265	104959553
14	105051439	107043718
14	106883718	107043717
15	0	16999999
15	17000000	19725255
15	17050953	19904475
15	19993322	20103643
15	20007415	22439561
15	20140654	20285594
15	20140654	20293372
15	20428924	20579931
15	20428924	20642147
15	20828116	20994234
15	20828116	20999973
15	20828116	20999973
15	20999983	21111983
15	21272841	21714002
15	21324053	21448430
15	21391105	21567979
15	21401682	21573732
15	21569408	21692852
15	21569429	21778502
15	21828502	22005276
15	21828502	22005276
15	21839070	22005276
15	22004753	22156625
15	22004753	22221065
15	22004774	22115388
15	22358242	22571453
15	22420443	22624349
15	22656943	22768868
15	23151324	23418173
15	24397118	24512493
15	28316058	28419210
15	28327161	28497394
15	28465083	28567133
15	28492437	28595553
15	28515369	28665696
15	28515369	28730223
15	28730150	28843289
15	30077907	30377808
15	30170562	30342969
15	30400207	30618102
15	30412262	30588015
15	30678215	30781397
15	31617789	31727417
15	32153205	32460660
15	32239178	32459694
15	32389245	32607507
15	34485780	34588872
15	74100505	74262973
15	82281355	82416722
15	82382117	82497540
15	84110069	84458116
15	84448859	84568971
15	101491189	101991189
15	101861028	101972569
15	101981189	101991188
16	0	9999
16	14134	1454547
16	1563936	2168443
16	4210398	4418852
16	14620469	14939034
16	14816372	14954790
16	15231233	15379928
16	15231233	15379928
16	16198409	16308262
16	16215113	16353400
16	16281094	16520912
16	16368152	16571302
16	16377607	16525476
16	16637370	16762938
16	18141220	18344802
16	18186697	18334299
16	18283234	18530516
16	18486486	18596289
16	18596291	18721701
16	21342540	21453398
16	21395934	21500740
16	21397592	21502501
16	21828039	21932235
16	21829697	21932235
16	22436878	22541391
16	22438500	22541391
16	28337951	28471892
16	28407792	28781322
16	28643180	28777130
16	29168197	29302873
16	29322056	29432100
16	29449193	29595531
16	30154407	30291948
16	30188532	30335547
16	31977208	32081724
16	31977208	32273961
16	31977369	32081724
16	32099293	32284824
16	32099293	32285309
16	32153556	34970575
16	32236067	32364219
16	32271382	32426402
16	32316874	32481700
16	32321739	32481070
16	32333896	32442326
16	32383948	32514527
16	32540803	33024977
16	32645017	32828344
16	32655791	32828344
16	32799028	33024977
16	32920766	33214595
16	33042575	33214595
16	33042575	33214595
16	33442411	33569737
16	33561080	33715004
16	33568860	33744995
16	33748620	34062003
16	33829436	33933104
16	33829436	34062003
16	35668031	46476317
16	36311158	38280683
16	70811383	71168670
16	85114964	85580906
16	88073950	89289494
16	88133852	88277048
16	89506248	90338345
16	90228345	90338344
17	0	59999
17	66653	566653
17	798642	1315080
17	4468228	4574074
17	16685735	16813672
17	16712854	16821888
17	18282715	18587938
17	18384909	18568180
17	18962026	19231057
17	20316336	20442258
17	20377554	20560909
17	21765597	22045737
17	22281990	22418260
17	22681252	27035910
17	22813679	26885981
17	36110318	36475058
17	36222498	36390245
17	37883767	38239637
17	38026513	38194356
17	38194358	38314968
17	43170554	43401439
17	44060304	44262166
17	45414926	45516125
17	46092936	46667889
17	46292046	46489410
17	46509623	46707123
17	47474712	47594070
17	62411419	62561492
17	78168052	78449058
17	79136892	79505130
17	81060334	81898135
17	82339478	82461802
17	82488250	82727258
17	82757441	83257441
17	83247441	83257440
18	0	9999
18	18868	518868
18	14358135	14464820
18	14358135	14728625
18	14360298	14499230
18	14406678	14567638
18	15106776	15390842
18	15198310	15353452
18	15198310	15390805
18	15206481	15410450
18	15208408	15330988
18	15208408	15375047
18	15240682	15391148
18	15242030	15391148
18	15309515	20988929
18	15460899	20861207
18	46913278	47069087
18	78341528	78667497
18	79480944	80373285
18	80263285	80373284
19	0	59999
19	60000	172445
19	61294	2444177
19	2573437	2742759
19	3069040	3302621
19	3515307	3715449
19	3943436	4192540
19	4552054	4706132
19	4880663	5004168
19	7386116	7513749
19	8517672	8945078
19	13164356	13327804
19	14475886	14775181
19	15865906	15983960
19	16066506	16293067
19	17715579	17902048
19	18576156	18752946
19	22710362	22975267
19	23799177	23909747
19	24184140	27784810
19	24498980	27190875
19	29410194	29572362
19	33105755	33243991
19	36205169	36388806
19	37214733	37384545
19	42702202	42813992
19	47855423	47957338
19	50035500	50136873
19	53065679	53186150
19	53798034	54214020
19	54272380	54453746
19	54623986	55484560
19	55565709	55737568
19	56861118	57029010
19	58117616	58617616
19	58607616	58617615
20	0	59999
20	70156	570156
20	25771644	25992578
20	25869381	25987511
20	25870253	25973643
20	25870253	26039630
20	25873319	25977743
20	26056710	26189680
20	26228286	29536969
20	26436232	30038349
20	28933138	29044808
20	29304454	29408100
20	29582805	29687511
20	29582805	29687523
20	29582805	29687523
20	29771971	30317899
20	30159796	30284381
20	30169027	30284006
20	30169027	30284381
20	30479726	30595084
20	30741675	31343987
20	30817381	30921700
20	30817381	30926291
20	36257504	36391950
20	47807545	47947378
20	61204184	61355622
20	61906405	62761499
20	63026663	64444167
20	64334167	64444166
21	0	5009999
21	5010000	5166246
21	5010514	13173120
21	5263227	5393542
21	5499012	5609598
21	5499012	5627596
21	5499012	5627596
21	5500864	5623886
21	5685543	5796009
21	5966593	6161371
21	6211371	6320108
21	6211371	6321960
21	6211371	6331976
21	6211371	6363290
21	6250040	6358943
21	6276663	6377258
21	6427258	6580181
21	6630181	6739085
21	6630181	6739085
21	6789085	6929194
21	6789085	6934219
21	6825558	6934219
21	6984219	7104824
21	6984219	7130167
21	6994235	7122822
21	6996087	7119112
21	7200002	7324129
21	7377865	7486602
21	7377865	7500890
21	7377865	7500890
21	7377865	7500890
21	7743710	7865746
21	8099839	8260971
21	8100517	8260971
21	8127926	8260971
21	8310971	8444011
21	8310971	8445624
21	8310971	8445624
21	8522755	8678502
21	8532927	8706715
21	9015987	9196087
21	9047181	9193806
21	9047184	9196087
21	9090790	9196087
21	9090822	9196087
21	9090822	9196087
21	9092930	9196087
21	9092930	9196087
21	9092930	9196087
21	9246202	9365178
21	9247787	9365115
21	9248369	9377143
21	9249135	9354107
21	9249643	9377143
21	9249881	9365178
21	9250758	9365148
21	9256885	9365178
21	9257370	9361393
21	9259151	9365115
21	9527143	9647006
21	9809804	9941088
21	9809805	10167951
21	9894580	10014629
21	9894580	10128174
21	9903037	10120296
21	9958190	10167951
21	9998412	10167951
21	10029941	10169868
21	10864560	12915809
21	12997142	13130548
21	12997142	13155331
21	12997142	13155331
21	12997142	13155337
21	12997142	13155337
21	12997142	13157427
21	12997149	13129259
21	13037505	13222098
21	13429266	13801729
21	13585222	13749584
21	13654078	13799312
21	13704733	13903747
21	13872298	13980214
21	13873999	13980249
21	27844216	27948858
21	27909890	28023928
21	34374239	34495759
21	43035650	43187643
21	43127705	43352957
21	43376889	43571979
21	44095805	44253496
21	44167844	44491718
21	45228444	45562195
21	45786590	46709983
21	46699983	46709982
22	0	10509999
22	10510000	10655636
22	10510000	10684157
22	10514803	16459755
22	11242062	11360744
22	11254507	11360744
22	11257712	11375616
22	11818759	11973297
22	11854622	11977555
22	11858677	11977555
22	12489121	12589188
22	12954788	15054319
22	15200000	15583099
22	15204794	15355274
22	15205098	15405645
22	15205102	15354696
22	15205102	15408706
22	15205239	15408706
22	15223643	15375259
22	15518437	15630367
22	15585202	15892892
22	15728904	15934152
22	16049831	16256635
22	16073494	16256631
22	16073509	16256635
22	16073553	16256635
22	16079322	16223690
22	16079322	16231898
22	16091990	16258853
22	16131743	16258853
22	16383778	16549585
22	16403034	16544609
22	16403468	16544609
22	16422774	16534474
22	16438749	16549585
22	18109762	18970048
22	18518836	18622467
22	18552240	18659561
22	18729875	18891257
22	18731274	18859505
22	18774318	18939750
22	20222553	20370244
22	21114574	21491649
22	21162203	21325236
22	21165736	21295450
22	21208634	21326973
22	21335655	21443089
22	21458187	21562827
22	22622723	22883163
22	23225934	23334601
22	23417407	23546395
22	23899436	24002183
22	36935259	37366478
22	38111532	38278676
22	43195821	43350400
22	46460701	46764416
22	48436898	49444671
22	49653603	50098313
22	50318468	50818468
22	50808468	50818467
23	0	9999
23	11554	2755888
23	3284519	3414205
23	3793606	4058979
23	4967855	5089695
23	9339027	9447822
23	16781553	16884960
23	21169517	21284894
23	25633417	25834742
23	26308206	26413928
23	27466436	27878643
23	34238173	34460338
23	35738347	35977262
23	36953098	37314989
23	39829964	39971562
23	40137641	40240372
23	41402367	41502393
23	42821650	42927413
23	47974247	48161626
23	48863203	49052505
23	49275511	49621944
23	51931261	52166959
23	52669253	52789251
23	55372854	55493463
23	55940652	56062655
23	57566653	57817805
23	57870791	62904183
23	58605579	62412543
23	63132972	63371312
23	63834661	63934697
23	64417874	64527282
23	65862913	66095566
23	66619236	66828815
23	67810538	67980272
23	71174293	71328986
23	71679992	71798462
23	71683101	71805164
23	72800000	72920822
23	73110283	73218916
23	73301514	73405625
23	75749666	75955299
23	76352151	76523701
23	79588449	79705722
23	79888324	80047999
23	81699842	81881570
23	82026206	82218714
23	82413228	82524809
23	82700524	82870745
23	83494775	83690030
23	83823664	83988810
23	84435231	84701331
23	85262161	85647354
23	86978637	87224230
23	87977037	88167810
23	89114163	89378678
23	89201802	89355307
23	89394404	89732547
23	89495798	89731565
23	89742813	90000000
23	90095777	90275030
23	90276317	90909509
23	90464171	90605332
23	90927207	91032371
23	91094945	91348076
23	91143608	91255742
23	91479250	91715634
23	91740846	92172868
23	91764657	92034162
23	92352303	93120510
23	93820554	93930688
23	94252098	94486562
23	95975837	96123800
23	98779151	98880930
23	99260170	99501163
23	102197557	102317108
23	102370006	102489559
23	102885799	103113647
23	103882452	104160226
23	104673982	104835838
23	113046562	113195050
23	115670585	115981992
23	116893524	117002320
23	117175179	117347055
23	120819412	121033960
23	125094913	125198827
23	126146819	126268431
23	126696141	126849674
23	127696480	127855686
23	135614654	135988695
23	138031460	138141633
23	139399488	139578326
23	140676508	140781310
23	140908663	141180964
23	141002114	141114593
23	141342651	141687734
23	141472816	141585256
23	142013903	142306000
23	142626125	142978640
23	143172597	143308329
23	143739674	143920240
23	144077866	144212554
23	144096797	144261371
23	146150497	146284987
23	150934314	151036104
23	151082190	151246610
23	151769378	152066733
23	152999062	153473194
23	153560419	153846619
23	154143269	154488861
23	155225908	155456141
23	155540895	156040895
23	156030895	156040894
24	0	9999
24	11554	511554
24	638132	766851
24	1397979	9215771
24	3049917	3390556
24	3390564	3657611
24	3665865	3844209
24	3853083	4483712
24	4503652	4607403
24	4607402	4720620
24	4720625	4960524
24	4961294	5398165
24	5464146	6234575
24	6260339	6362053
24	6362051	6532742
24	6532794	6691110
24	9122739	9226266
24	9262489	12302279
24	9628424	9802672
24	9812674	9914616
24	10094097	10207873
24	10316944	10544040
24	11117468	11278686
24	11135031	11280828
24	11135031	11289213
24	11176217	11283092
24	11176217	11290094
24	11176217	11297246
24	11178362	11290332
24	11178362	11291664
24	11178362	11292321
24	11181819	11282607
24	11334432	11443536
24	11334432	11444877
24	11334432	11444890
24	11334432	11444906
24	11872395	12037824
24	12368473	13032451
24	13208479	13344958
24	13392399	15719798
24	15800000	16122374
24	16155235	20893633
24	16159551	16269546
24	16315775	16425797
24	17455803	17951260
24	17814647	17934928
24	17814647	17934928
24	17954717	18450201
24	17971049	18091362
24	18450212	18640361
24	18680026	18870184
24	20916193	21144650
24	21180878	22737164
24	21924887	22093095
24	21924887	22093095
24	21924887	22208735
24	22377682	22661521
24	22493309	22722163
24	22493309	22722163
24	22746680	23142275
24	22746680	23144660
24	22775171	57227415
24	23358995	24124586
24	23474026	23702782
24	23534665	23702782
24	23983753	24103447
24	23983753	24103447
24	24128531	24775999
24	24275993	24380436
24	24380449	24775999
24	24891724	25289689
24	24894109	25541603
24	25289702	25394153
24	25545548	26311622
24	25566691	25686389
24	25967291	26135950
24	25967291	26196584
24	26211449	26332449
24	26530035	26637925
24	57217415	57227414
